12
13
7
2
1
19
17
1
15
20
19
4
11
10
13
6
15
19
9
3
11
16
15
4
12
8
10
13
7
3
13
14
1
19
20
1
8
2
18
6
6
9
15
10
4
10
9
6
5
1
4
1
20
13
6
19
2
6
10
8
14
5
16
2
13
16
8
17
6
11
11
16
17
11
1
7
4
5
17
1
4
7
13
7
20
15
19
16
9
13
8
14
13
10
2
6
20
10
2
11
10
15
4
17
14
7
6
5
1
17
11
5
2
5
11
3
6
1
4
10
2
16
11
15
18
17
18
14
10
11
20
2
18
6
14
20
10
11
16
3
12
10
18
19
4
15
7
10
20
15
9
1
19
14
16
17
16
5
7
9
2
16
2
16
8
9
19
16
6
3
6
5
2
3
6
13
11
18
14
8
13
3
6
8
18
13
17
13
13
7
14
6
14
2
1
4
6
4
3
14
2
7
8
5
19
2
20
6
5
6
20
19
19
8
20
9
8
20
13
10
19
8
12
11
20
16
8
6
7
10
1
3
13
17
3
5
9
4
19
1
6
18
11
17
12
3
13
3
7
14
5
5
20
10
3
15
4
1
12
1
17
19
11
13
9
20
2
2
8
7
7
7
16
17
14
