18
12
13
7
2
1
19
17
17
1
18
15
2
20
1
6
19
19
5
10
3
10
4
11
10
8
1
20
9
13
6
15
5
19
9
9
15
3
19
11
2
11
16
4
20
20
1
15
17
18
4
12
12
8
13
5
12
9
10
2
13
20
7
19
3
1
13
14
1
19
18
9
20
1
8
2
18
6
8
18
5
19
6
1
9
15
10
4
10
8
14
10
8
12
20
10
17
9
20
10
11
4
6
19
11
8
17
3
5
5
10
10
8
9
1
10
16
13
4
1
20
13
6
19
2
6
10
8
14
5
16
9
2
13
16
8
17
6
15
11
4
11
16
15
16
17
14
20
14
11
9
1
7
20
2
4
1
6
14
5
15
15
7
4
16
18
5
17
17
2
1
4
12
7
13
7
5
20
15
19
16
9
14
14
13
8
18
9
14
13
10
2
13
2
6
20
10
2
1
11
1
10
15
18
16
4
9
17
14
6
10
7
6
1
5
5
1
17
5
11
5
16
2
4
14
5
11
3
19
9
6
16
1
4
10
20
5
2
7
4
16
11
15
18
8
20
17
18
11
2
18
20
14
10
16
14
19
11
20
2
6
18
4
6
14
1
20
14
1
10
13
11
7
16
3
12
10
20
18
16
19
4
4
20
15
15
7
9
10
20
4
6
15
15
6
3
20
9
16
7
8
11
1
16
10
20
19
16
14
16
17
1
11
16
5
7
9
18
20
2
7
18
8
19
16
2
16
8
9
20
19
16
16
3
6
3
6
5
4
2
3
11
6
6
13
11
18
20
14
8
13
12
3
6
1
8
18
13
17
16
13
13
17
7
14
6
4
2
14
2
20
1
4
9
11
11
6
19
4
3
14
5
14
13
2
7
8
3
5
8
19
6
4
2
8
20
6
5
6
20
3
2
19
12
19
8
6
20
9
20
8
20
13
10
19
8
12
14
11
12
7
20
16
6
8
6
7
10
1
3
13
17
4
10
3
5
10
9
4
19
1
8
13
6
6
18
11
17
8
20
9
12
3
4
12
4
17
15
15
5
19
3
13
2
4
3
3
7
1
18
14
9
12
5
20
10
5
3
20
20
2
9
10
3
14
15
19
20
4
17
15
1
12
13
1
17
9
8
19
15
11
13
4
5
18
9
20
11
2
2
13
8
7
7
10
10
7
16
9
17
14
