18
17
18
2
1
6
19
5
10
3
10
8
1
20
9
5
9
15
19
11
2
4
20
20
1
17
18
12
13
5
12
9
2
20
19
1
18
9
8
18
5
19
1
10
8
14
8
12
20
10
17
20
10
11
4
19
11
8
17
3
5
10
10
8
9
10
16
13
9
15
4
15
16
14
20
14
9
7
20
2
4
1
6
14
5
15
15
16
18
17
2
12
5
14
14
18
9
2
13
1
1
18
16
9
6
10
1
5
5
16
4
14
19
9
16
20
5
7
4
8
20
11
2
18
20
16
14
19
6
4
1
14
1
13
7
20
16
4
20
15
9
4
6
15
6
3
20
16
7
8
11
16
10
20
16
1
11
18
20
7
18
8
19
20
16
3
4
11
6
20
12
1
16
17
4
2
20
9
11
11
19
5
14
13
3
8
6
4
8
3
2
12
6
20
14
12
7
6
4
10
10
8
13
6
8
20
9
4
12
4
17
15
15
5
19
3
2
4
3
1
18
9
12
20
10
3
20
2
9
14
19
20
17
15
13
9
8
15
4
5
18
11
13
10
10
9
